Threads     Execution time    Parallel Speedup     Parallel Efficiency 

   1           61.5800        1.0000000000000000   1.0000000000000000  
   2           32.3100        1.9059114825131536   0.9529557412565768  
   4           18.0000        3.4211111111111112   0.8552777777777778  
   8            8.5200        7.2276995305164320   0.9034624413145540  
   16           4.2700        14.4215456674473081  0.9013466042154568  
   32           2.2300        27.6143497757847527  0.8629484304932735  
   64           1.1700        52.6324786324786373  0.8223824786324787  
  128           0.7100        86.7323943661971839  0.6775968309859155  
  256           0.4200        146.6190476190476204 0.5727306547619048  
